image_width: 1280
image_height: 720
camera_name: camera4/camera_link
camera_matrix:
  rows: 3
  cols: 3
  data:
    [
      1479.458984,
      0.000000,
      950.694458,
      0.000000,
      1477.587158,
      530.697632,
      0.000000,
      0.000000,
      1.000000,
    ]
distortion_model: plumb_bob
distortion_coefficients:
  rows: 1
  cols: 5
  data: [-1.87286, 16.683033, 0.001053, -0.002063, 61.878521]
rectification_matrix:
  rows: 3
  cols: 3
  data: [0.9997062937394856, -0.023389961528659683, 0.006343181957754751, 0.0233922879452606, 0.999726320114537, -0.0002928052810344399, -0.006334597252184302, 0.0004411008211352551, 0.9999798389506251]
projection_matrix:
  rows: 3
  cols: 4
  data:
    [
      1479.458984,
      0.000000,
      950.694458,
      0.000000,
      0.000000,
      1477.587158,
      530.697632,
      0.000000,
      0.000000,
      0.000000,
      1.000000,
      0.000000,
    ]
